0.052692 214
1.080891 1
0.171943 1
0.292940 1
0.049197 1
0.255264 1
0.219584 1
0.497159 1
0.456721 16
1.606555 1
0.184836 1
0.322964 1
0.564546 1
0.140335 1
0.676119 1
0.125266 1
0.182923 1
0.418310 1
0.372580 11
0.635039 2
1.295671 57
0.000017 2
0.001640 58
0.000088 2
0.001213 59
0.001900 59
0.001705 58
0.001620 58
0.009623 214
0.917121 1
0.307228 1
0.308074 2
0.096094 190
0.001387 214
0.590838 1
0.127625 1
0.497936 1
0.172902 1
0.186972 1
0.064547 1
0.287501 1
0.170816 1
0.174630 1
0.390161 1
0.088319 1
0.261916 1
0.310657 1
0.204829 1
0.125134 1
0.198284 1
0.209103 1
0.325504 1
0.325301 1
0.128825 1
0.695836 1
0.392750 1
0.198880 2
0.005484 353
0.001412 214
1.517361 1
0.388908 1
0.299195 1
0.256434 1
0.188635 2
0.000147 6
