0.035863 192
0.685455 1
0.221163 1
0.217673 1
0.279636 1
0.515145 1
0.382521 1
0.415156 1
0.269927 1
0.387642 1
0.266281 1
0.364157 1
0.089467 1
0.176081 1
0.112833 1
0.568693 1
0.581197 1
0.179867 1
0.317719 1
0.281968 1
0.140353 1
0.247833 1
0.088032 1
0.115038 1
0.476073 1
0.333082 1
0.548363 1
0.401104 2
1.945846 192
1.189740 1
0.087752 1
0.600517 1
0.405452 1
0.501776 1
0.229894 1
0.242086 1
0.291168 1
0.202883 1
0.378788 1
0.570776 1
1.037541 2
0.005712 79
0.002279 192
1.104825 1
0.114463 1
0.255649 1
0.158247 1
0.597533 1
0.226765 1
0.396372 8
0.517244 2
0.005304 110
0.002512 192
0.878349 1
0.079277 1
0.313877 1
0.190107 1
0.655602 1
0.341161 1
0.202809 10
0.492360 2
0.004879 93
0.001133 192
0.839669 1
0.316569 1
0.497921 1
0.289490 1
0.500098 1
0.259074 1
0.216657 1
0.143238 1
0.264565 11
0.427296 2
0.005137 125
0.001788 192
0.754293 1
0.226081 1
0.304057 1
0.216750 1
0.385769 1
0.372215 1
0.390319 6
0.439290 2
0.005146 138
0.002519 192
0.837465 1
0.468683 1
0.327777 1
0.261687 1
0.675994 2
0.000129 6
