0.046257 214
1.006130 1
0.162787 1
0.204625 1
0.067933 1
0.453482 1
0.125922 1
0.470142 1
0.437476 16
2.680335 1
0.171191 1
0.462198 1
0.313762 1
0.114320 1
0.164298 1
0.045008 1
0.145803 1
0.476191 1
0.509375 11
0.704692 4
0.420467 2
1.153186 50
0.000039 2
1.611068 1
0.236126 1
0.106707 1
0.330994 1
0.108195 1
0.260560 1
0.136121 2
0.000517 40
1.501358 1
0.258983 2
0.091561 70
0.000545 2
0.007738 214
1.836601 1
0.178493 1
0.153619 1
0.058014 1
0.520137 1
0.667036 1
0.457956 11
1.098744 4
0.245838 2
0.132456 52
1.486865 1
0.078574 1
0.272035 1
0.168715 1
0.108996 1
0.203671 1
0.120764 1
0.201531 1
0.108114 1
0.214047 2
0.000618 42
2.171234 1
0.134436 2
0.000659 43
1.492966 1
0.277122 2
0.081534 84
0.025257 214
1.714766 1
0.410412 1
0.342807 1
0.192835 1
0.362316 2
0.000125 6
