0.071504 214
1.742588 1
0.242456 1
0.199713 1
0.069880 1
0.375597 1
0.320042 1
0.484038 1
0.475264 16
2.138258 1
0.167533 1
0.502533 1
0.747081 1
0.095544 1
0.196336 1
0.083830 1
0.156778 1
0.573082 1
0.465614 11
0.510539 4
0.840825 2
1.647447 26
0.000188 2
0.000663 47
0.000048 1
0.000049 5
0.000106 6
0.000082 5
0.000680 7
0.004425 27
0.000140 25
0.001830 39
0.004571 26
0.000099 27
0.000065 20
0.000012 1
0.000014 2
0.000752 3
0.000710 8
0.011279 109
0.000273 15
0.002873 15
0.011550 35
0.000104 26
0.000167 2
0.003864 70
0.010162 29
0.000112 26
0.000090 22
0.000114 4
0.000114 3
0.000130 2
0.000036 1
0.000055 2
0.000036 1
0.000054 4
0.000117 2
0.000036 2
0.000036 2
0.000066 5
0.010108 30
0.000120 28
0.000040 20
0.000138 1
0.000075 3
0.000099 3
0.000090 2
0.000089 3
0.000087 1
0.000007 2
0.000090 4
0.000103 4
0.000100 4
0.000055 5
0.008110 31
0.000129 49
0.000120 3
0.000247 3
0.000048 2
0.000097 1
0.000038 2
0.000043 3
0.000040 2
0.000122 2
0.000040 2
0.000057 4
0.000073 2
0.000071 2
0.000017 2
0.000045 5
0.008731 34
0.000582 58
0.000016 2
0.000050 1
0.000076 2
0.000033 2
0.000059 4
0.000076 10
0.000077 14
0.000083 21
0.010876 214
1.987893 1
0.108834 1
0.362034 2
0.012966 210
0.000658 214
0.818588 1
0.086865 1
0.477227 1
0.137941 1
0.300574 1
0.218169 1
0.143081 1
0.281320 1
0.345676 1
0.185104 1
0.318532 1
0.132939 1
0.683430 1
0.400833 1
0.400857 2
0.006567 1006
0.001937 214
1.891471 1
0.412591 1
0.462423 1
0.122013 1
0.318134 2
0.000156 6
