0.137508 188
1.077690 1
0.128879 1
0.191876 1
0.102319 1
0.207660 1
0.238158 1
0.671574 1
0.096692 1
0.440954 1
0.400193 1
0.393254 1
0.098756 1
0.185885 1
0.113091 1
0.184038 1
1.026962 1
0.178115 1
0.443748 1
0.249495 1
0.110052 1
0.180773 1
0.100558 1
0.131152 1
0.553907 1
0.082065 1
0.478937 1
0.766991 2
2.438755 18
0.000165 2
0.031853 26
0.005020 7
0.001118 71
0.000055 33
0.000015 2
0.000124 18
0.000025 2
0.000270 26
0.000859 7
0.002902 19
0.000851 73
0.001271 26
0.001664 80
0.000265 26
0.000774 7
0.001353 91
0.001327 82
0.000383 7
0.002903 106
0.000670 49
0.001016 24
0.000023 2
0.000190 21
0.000659 26
0.000705 7
0.000153 19
0.000186 2
0.000841 33
0.000173 21
0.000690 26
0.000579 7
0.000281 21
0.000526 26
0.000376 5
0.000130 2
0.000272 21
0.000238 26
0.000399 7
0.000319 40
0.000405 26
0.000624 57
0.000308 23
0.001124 106
0.004126 494
0.000632 21
0.000059 26
0.000187 6
0.000174 21
0.000253 26
0.000240 6
0.000436 94
0.001057 30
0.000180 2
0.000517 47
0.000428 4
0.000551 2
0.000528 47
0.000097 4
0.000117 2
0.000472 47
0.001232 4
0.000038 22
0.000282 21
0.001598 26
0.000260 4
0.000018 2
0.000374 21
0.000335 26
0.000387 25
0.000455 32
0.000162 23
0.000151 26
0.000754 6
0.000440 21
0.000468 52
0.001041 159
0.001002 53
0.006948 188
1.792924 1
0.690830 1
0.413559 1
0.364798 1
0.318340 2
0.000095 6
