0.038305 200
0.496795 1
0.126180 1
0.197801 1
0.077462 1
0.240830 1
0.131411 1
0.474458 1
0.304170 1
0.430551 1
0.552100 1
0.409399 1
0.163445 1
0.148136 1
0.116633 1
0.143763 1
0.681652 1
0.195775 1
0.276200 1
0.249168 1
0.117860 1
0.178363 1
0.067152 1
0.136071 1
0.698747 1
0.090776 1
0.443994 1
0.190113 2
1.594402 29
0.848204 1
0.329983 2
0.000636 21
0.566761 1
0.224310 1
0.322269 1
0.302734 1
0.523010 2
0.111079 28
0.013895 200
2.247038 26
0.448170 2
1.953761 29
0.685694 1
0.296451 2
0.000481 21
0.494878 1
0.208869 1
0.207419 1
0.225555 1
0.339984 2
0.108559 23
0.060955 200
1.416031 1
0.545876 1
0.314280 1
0.287039 1
0.425614 2
0.000147 6
