0.034696 200
0.688167 1
0.151015 1
0.243428 1
0.077001 1
0.244459 1
0.160635 1
0.483958 1
0.354515 1
0.535010 1
0.290458 1
0.324849 1
0.135659 1
0.221031 1
0.096940 1
0.154868 1
0.632580 1
0.174250 1
0.456566 1
0.229270 1
0.122722 1
0.183376 1
0.079692 1
0.138960 1
0.510481 1
0.380231 1
0.332835 1
0.431643 2
1.160922 5
0.051701 21
0.000028 2
0.000013 6
0.000147 21
0.000217 2
0.000063 5
0.000545 21
0.000277 2
0.000836 6
0.000428 21
0.000023 2
0.000080 5
0.000280 21
0.000217 2
0.000219 5
0.000075 21
0.000069 9
0.001971 108
0.039067 10
0.000852 8
0.000024 2
0.001298 8
0.000094 2
0.000758 23
0.000064 2
0.001447 26
0.000125 2
0.001849 1
0.000444 1
0.001592 1
0.000765 1
0.000340 2
0.000463 2
0.000228 1
0.000131 1
0.000292 1
0.000101 1
0.000301 1
0.000270 1
0.000296 1
0.000129 1
0.000272 1
0.000122 1
0.000279 1
0.000117 1
0.000237 1
0.000157 1
0.000391 1
0.000084 1
0.000551 3
0.000166 2
0.000334 2
0.001549 1
0.000202 22
0.000151 2
0.002677 2
0.000325 32
0.001167 5
0.000110 1
0.000401 1
0.000263 1
0.000192 2
0.000184 3
0.000367 5
0.000043 1
0.000021 1
0.000361 2
0.000231 2
0.000162 1
0.000092 1
0.000205 4
0.000246 2
0.000193 4
0.000259 3
0.000148 5
0.000712 1
0.000095 1
0.000336 1
0.000171 1
0.000363 1
0.000264 2
0.000035 1
0.000354 1
0.000128 1
0.000234 2
0.009929 72
0.003802 63
0.000267 1
0.000538 2
0.000548 2
0.000198 1
0.000165 1
0.000343 2
0.000209 4
0.000215 1
0.000473 1
0.000533 2
0.000251 1
0.000081 1
0.000227 2
0.000250 2
0.000093 2
0.000194 2
0.000301 2
0.000306 2
0.000532 2
0.005372 6
0.000815 5
0.000170 3
0.000235 2
0.000561 6
0.000056 1
0.000147 1
0.000197 2
0.000379 2
0.000845 12
0.000440 7
0.000563 11
0.000331 4
0.000048 2
0.000080 1
0.000054 1
0.000254 2
0.000952 1
0.000139 1
0.000389 2
0.000395 3
0.000106 1
0.000412 7
0.000055 1
0.000433 7
0.000116 1
0.000144 2
0.000278 6
0.000154 6
0.017908 200
2.364321 1
0.286042 1
0.223182 1
0.145511 1
0.164906 2
0.000119 6
