0.041339 188
2.222107 1
0.120210 1
0.202347 1
0.062350 1
0.247219 1
0.160481 1
0.569306 1
0.103297 1
0.485432 1
0.191284 8
1.292655 1
0.217270 1
0.531797 1
0.148201 1
0.216382 1
0.067666 1
0.618732 2
1.289184 188
0.542985 1
0.245717 1
0.561662 1
0.072494 1
0.126477 1
0.586500 1
0.075401 1
0.474673 1
0.126256 8
0.567214 1
0.374597 1
0.472457 1
0.629727 1
0.242466 10
0.495007 1
0.491969 1
0.152665 1
0.343976 1
0.337594 1
0.240160 1
0.239001 1
0.174154 1
0.319270 10
0.394881 1
0.370499 1
0.175784 1
0.522276 1
0.381232 1
0.641237 1
0.171722 1
0.061695 1
0.328897 10
0.835771 1
0.254388 1
0.173303 1
0.568843 1
0.869198 1
0.475991 2
0.174770 36
0.000068 2
0.008067 36
0.000052 2
0.037341 37
0.000060 2
0.018114 188
2.488872 1
0.160248 1
0.171788 1
0.067293 1
0.285059 1
0.242266 1
0.784187 1
0.097086 1
0.464368 1
0.186999 8
0.510738 1
0.339774 1
0.644050 1
0.163911 1
0.162979 1
0.080835 1
0.715665 2
1.132988 188
0.472610 1
0.152306 1
0.418444 1
0.096658 1
0.117132 1
0.558779 1
0.068633 1
0.405012 1
0.346809 8
0.814545 1
0.601670 2
0.077072 67
0.037638 29
1.648382 1
0.099387 1
0.551097 1
0.834047 2
0.000943 47
0.000183 29
2.154766 1
0.261434 1
0.298789 1
0.406653 2
0.007012 19
0.000126 33
0.000250 29
0.907397 1
0.371628 1
0.390506 1
0.845080 1
0.967763 2
0.000738 18
0.000130 33
0.000340 29
1.254260 1
0.344592 1
0.367887 1
0.186371 1
0.378960 1
0.587504 2
0.000863 16
0.000015 2
0.000087 31
0.000060 2
0.000357 29
2.298973 1
0.265792 1
0.591603 1
0.138105 1
1.092694 1
0.091132 1
0.371272 2
0.000539 19
0.000109 33
0.000410 29
1.948044 1
0.359496 2
0.000300 29
0.010254 188
0.690749 1
0.502906 1
0.352204 1
0.205549 1
0.574619 2
0.000170 6
